300 0
301 0
302 0
303 0
304 0
305 0
306 0
307 0
308 0
309 0
310 0
311 0
312 0
313 0
314 0
315 0
316 0
317 0
318 0
319 0
320 0
321 0
322 0
323 0
324 0
325 0
326 0
327 0
328 0
329 0
330 0
331 0
332 0
333 0
334 0
335 0
336 0
337 0
338 0
339 0
340 0
341 0
342 0
343 0
344 0
345 0
346 0
347 0
348 0
349 0
350 0
351 0
352 0
353 0
354 0
355 0
356 0
357 0
358 0
359 0
360 0
361 0
362 0
363 0
364 0
365 0
366 0
367 0
368 0
369 0
370 0
371 0
372 0
373 0
374 0
375 0
376 0
377 0
378 0
379 0
380 0.378518
381 0.4980515
382 0.4613423
383 0.4563196
384 0.4368347
385 0.4330297
386 0.4149021
387 0.2943088
388 0.3217042
389 0.1744271
390 0.1011878
391 0.0143816
392 0.1574835
393 0.3992221
394 0.8240009
395 1.316964
396 2.089908
397 3.013896
398 4.468233
399 6.211431
400 8.566997
401 1.150465
402 1.488747
403 1.914552
404 2.404535
405 2.892631
406 3.509186
407 4.106155
408 4.753429
409 5.426897
410 6.037439
411 6.709481
412 7.314579
413 7.838701
414 8.337840
415 8.740558
416 9.141299
417 9.399027
418 9.629733
419 9.803770
420 9.929636
421 9.970953
422 10.000000
423 9.933102
424 9.887952
425 9.850332
426 9.777499
427 9.682858
428 9.633123
429 9.541227
430 9.467367
431 9.382433
432 9.371330
433 9.321149
434 9.240725
435 9.180070
436 9.091716
437 9.005756
438 8.917863
439 8.825906
440 8.699242
441 8.563408
442 8.477477
443 8.270222
444 8.124511
445 7.943555
446 7.746437
447 7.555775
448 7.355757
449 7.142152
450 6.961626
451 6.730139
452 6.496995
453 6.301885
454 6.056334
455 5.864567
456 5.660654
457 5.474118
458 5.308530
459 5.118727
460 4.932497
461 4.781939
462 4.590418
463 4.412562
464 4.267786
465 4.126139
466 3.987467
467 3.860819
468 3.736594
469 3.584825
470 3.456429
471 3.347417
472 3.232272
473 3.102571
474 2.975402
475 2.862756
476 2.745095
477 2.640209
478 2.515141
479 2.435391
480 2.326518
481 2.237245
482 2.137589
483 2.051659
484 1.950883
485 1.879646
486 1.783671
487 1.711758
488 1.628819
489 1.558394
490 1.483091
491 1.414724
492 1.350078
493 1.287291
494 1.231538
495 1.180838
496 1.129352
497 1.088965
498 1.025577
499 2.766765
500 2.317883
501 2.258357
502 2.154764
503 2.070417
504 2.013710
505 1.929429
506 1.850860
507 1.791759
508 1.659286
509 1.508552
510 1.437409
511 1.377925
512 1.264138
513 1.199670
514 1.107240
515 1.023902
516 0.984108
517 0.769368
518 0.449788
519 0.335593
520 0.143167
521 0.949100
522 0.780599
523 0.503623
524 0.465113
525 0.210192
526 0.142512
527 0.991954
528 0.78189
529 0.713905
530 0.558670
531 0.457211
532 0.38286
533 0.164981
534 0.201809
535 0.008502
536 0.9577804
537 0.8185595
538 0.6479695
539 0.7121140
540 0.5979330
541 0.5722782
542 0.5462953
543 0.2751966
544 0.3697732
545 0.1863129
546 0.2504037
547 0.1577457
548 0.0636116
549 0.032100
550 0.129262
551 0.1302756
552 0.1969962
553 0.2647801
554 0.3003774
555 0.3365361
556 0.3733588
557 0.3422566
558 0.552258
559 0.5220376
560 0.6668978
561 0.6371605
562 0.6784507
563 0.7203375
564 0.7266837
565 0.8428846
566 0.9242136
567 0.8576413
568 1.015.792
569 0.8350263
570 0.880922
571 1.120662
572 1.013841
573 1.01800
574 1.071724
575 1.121326
576 1.252879
577 1.141971
578 1.193768
579 1.246232
580 1.257784
581 1.396123
582 1.195467
583 1.335479
584 1.391284
585 1.316293
586 1.550112
587 1.385657
588 1.624218
589 1.502470
590 1.562274
591 1.576322
592 1.497259
593 1.558225
594 1.620660
595 1.587656
596 1.79686
597 1.617317
598 1.830247
599 1.597456
600 1.814052
601 0
602 0
603 0
604 0
605 0
606 0
607 0
608 0
609 0
610 0
611 0
612 0
613 0
614 0
615 0
616 0
617 0
618 0
619 0
620 0
621 0
622 0
623 0
624 0
625 0
626 0
627 0
628 0
629 0
630 0
631 0
632 0
633 0
634 0
635 0
636 0
637 0
638 0
639 0
640 0
641 0
642 0
643 0
644 0
645 0
646 0
647 0
648 0
649 0
650 0
651 0
652 0
653 0
654 0
655 0
656 0
657 0
658 0
659 0
660 0
661 0
662 0
663 0
664 0
665 0
666 0
667 0
668 0
669 0
670 0
671 0
672 0
673 0
674 0
675 0
676 0
677 0
678 0
679 0
680 0
681 0
682 0
683 0
684 0
685 0
686 0
687 0
688 0
689 0
690 0
691 0
692 0
693 0
694 0
695 0
696 0
697 0
698 0
699 0
700 0
701 0
702 0
703 0
704 0
705 0
706 0
707 0
708 0
709 0
710 0
711 0
712 0
713 0
714 0
715 0
716 0
717 0
718 0
719 0
720 0
721 0
722 0
723 0
724 0
725 0
726 0
727 0
728 0
729 0
730 0
731 0
732 0
733 0
734 0
735 0
736 0
737 0
738 0
739 0
740 0
741 0
742 0
743 0
744 0
745 0
746 0
747 0
748 0
749 0
750 0
751 0
752 0
753 0
754 0
755 0
756 0
757 0
758 0
759 0
760 0
761 0
762 0
763 0
764 0
765 0
766 0
767 0
768 0
769 0
770 0
771 0
772 0
773 0
774 0
775 0
776 0
777 0
778 0
779 0
780 0
781 0
782 0
783 0
784 0
785 0
786 0
787 0
788 0
789 0
790 0
791 0
792 0
793 0
794 0
795 0
796 0
797 0
798 0
799 0
800 0
801 0
802 0
803 0
804 0
805 0
806 0
807 0
808 0
809 0
810 0
811 0
812 0
813 0
814 0
815 0
816 0
817 0
818 0
819 0
820 0
821 0
822 0
823 0
824 0
825 0
826 0
827 0
828 0
829 0
830 0
831 0
832 0
833 0
834 0
835 0
836 0
837 0
838 0
839 0
840 0
841 0
842 0
843 0
844 0
845 0
846 0
847 0
848 0
849 0
850 0
851 0
852 0
853 0
854 0
855 0
856 0
857 0
858 0
859 0
860 0
861 0
862 0
863 0
864 0
865 0
866 0
867 0
868 0
869 0
870 0
871 0
872 0
873 0
874 0
875 0
876 0
877 0
878 0
879 0
880 0
881 0
882 0
883 0
884 0
885 0
886 0
887 0
888 0
889 0
890 0
891 0
892 0
893 0
894 0
895 0
896 0
897 0
898 0
899 0
900 0
901 0
902 0
903 0
904 0
905 0
906 0
907 0
908 0
909 0
910 0
911 0
912 0
913 0
914 0
915 0
916 0
917 0
918 0
919 0
920 0
921 0
922 0
923 0
924 0
925 0
926 0
927 0
928 0
929 0
930 0
931 0
932 0
933 0
934 0
935 0
936 0
937 0
938 0
939 0
940 0
941 0
942 0
943 0
944 0
945 0
946 0
947 0
948 0
949 0
950 0
951 0
952 0
953 0
954 0
955 0
956 0
957 0
958 0
959 0
960 0
961 0
962 0
963 0
964 0
965 0
966 0
967 0
968 0
969 0
970 0
971 0
972 0
973 0
974 0
975 0
976 0
977 0
978 0
979 0
980 0
981 0
982 0
983 0
984 0
985 0
986 0
987 0
988 0
989 0
990 0
991 0
992 0
993 0
994 0
995 0
996 0
997 0
998 0
999 0
